0 |roiAndLabel 30 121 120 319 1.0 806 40 873 153 1.0 
1 |roiAndLabel 981 155 1051 389 1.0 
2 |roiAndLabel 271 140 349 290 1.0 561 122 635 298 1.0 
3 |roiAndLabel 228 226 271 285 1.0 513 253 537 287 1.0 
4 |roiAndLabel 651 292 679 373 1.0 759 298 788 381 1.0 932 251 998 469 1.0 
5 |roiAndLabel 470 240 539 414 1.0 760 177 787 242 1.0 765 277 843 506 1.0 
6 |roiAndLabel 509 470 560 614 1.0 728 300 760 361 1.0 916 225 939 268 1.0 860 306 877 340 1.0 
7 |roiAndLabel 540 191 656 447 1.0 
8 |roiAndLabel 461 337 498 468 1.0 659 412 712 554 1.0 668 211 692 267 1.0 847 151 869 194 1.0 787 225 808 258 1.0 
9 |roiAndLabel 296 68 366 287 1.0 635 208 733 442 1.0 
10 |roiAndLabel 69 297 161 499 1.0 879 56 939 204 1.0 
11 |roiAndLabel 601 285 667 434 1.0 
12 |roiAndLabel 534 96 690 519 1.0 
13 |roiAndLabel 295 520 340 620 1.0 510 298 536 355 1.0 
14 |roiAndLabel 844 189 873 279 1.0 964 172 990 259 1.0 755 124 777 181 1.0 830 124 851 184 1.0 
15 |roiAndLabel 791 153 839 230 1.0 
16 |roiAndLabel 608 162 686 380 1.0 
17 |roiAndLabel 599 163 684 382 1.0 
18 |roiAndLabel 1001 30 1102 346 1.0 
19 |roiAndLabel 910 441 975 615 1.0 
20 |roiAndLabel 508 260 612 518 1.0 
21 |roiAndLabel 750 190 802 295 1.0 
22 |roiAndLabel 903 418 953 561 1.0 
23 |roiAndLabel 635 327 733 614 1.0 
24 |roiAndLabel 53 175 141 347 1.0 
25 |roiAndLabel 165 228 281 508 1.0 
26 |roiAndLabel 255 145 427 537 1.0 
27 |roiAndLabel 439 105 642 607 1.0 
28 |roiAndLabel 442 240 505 464 1.0 996 173 1045 270 1.0 
29 |roiAndLabel 378 194 462 514 1.0 1053 143 1102 248 1.0 
30 |roiAndLabel 203 61 336 620 1.0 
31 |roiAndLabel 716 480 769 619 1.0 
32 |roiAndLabel 580 389 612 545 1.0 
33 |roiAndLabel 799 380 851 569 1.0 
34 |roiAndLabel 707 358 758 527 1.0 
35 |roiAndLabel 128 257 185 418 1.0 
36 |roiAndLabel 386 124 454 340 1.0 
37 |roiAndLabel 363 76 479 440 1.0 
38 |roiAndLabel 113 156 195 405 1.0 
39 |roiAndLabel 131 154 215 427 1.0 
40 |roiAndLabel 143 115 253 464 1.0 
41 |roiAndLabel 599 245 652 447 1.0 
42 |roiAndLabel 457 146 549 453 1.0 
43 |roiAndLabel 532 76 642 526 1.0 
44 |roiAndLabel 399 191 438 326 1.0 
45 |roiAndLabel 391 425 440 574 1.0 
46 |roiAndLabel 1025 63 1089 258 1.0 
47 |roiAndLabel 579 175 720 589 1.0 
48 |roiAndLabel 120 107 238 608 1.0 
49 |roiAndLabel 461 313 500 399 1.0 
50 |roiAndLabel 462 249 511 425 1.0 
51 |roiAndLabel 289 132 397 460 1.0 
52 |roiAndLabel 501 177 572 447 1.0 
53 |roiAndLabel 530 175 600 470 1.0 
54 |roiAndLabel 549 160 635 497 1.0 
55 |roiAndLabel 457 189 504 343 1.0 
56 |roiAndLabel 485 45 565 329 1.0 
57 |roiAndLabel 478 221 537 382 1.0 
58 |roiAndLabel 128 23 287 611 1.0 
59 |roiAndLabel 285 142 404 611 1.0 